user_id,movie_id,rating,timestamp
103,15,3.855810530026359,1984878092
180,98,4.290139177536787,1765294201
93,44,4.215834030210081,1322382694
15,49,3.2100038696315565,1567018203
107,75,3.0806795692430047,1888276073
72,61,1.5715038453576469,1971140470
189,67,4.101384601612542,1019138117
21,6,2.0856375217868575,1502345410
103,9,2.986781691271786,1267102905
122,6,2.137096371710067,1632335458
75,73,1.5353134519987726,1762212945
88,95,3.5182307875669463,1887258698
117,32,1.2173281392916153,1623709045
100,41,3.9945809365048,1271727443
104,76,2.2703471810444666,1584409412
152,8,1.0005387720179413,1997397458
131,72,3.044516556948919,1636860117
150,50,1.1874076341104125,1667117370
53,92,2.104678231283598,1029268923
2,62,3.8279059498228647,1082298322
88,84,1.2507584864874635,1100533117
158,62,4.357353969424009,1853116270
38,7,1.0152796906343324,1736644413
130,75,1.987295476807609,1143397007
192,84,3.9636162246082858,1266621311
188,80,2.265080598917227,1683985111
21,4,1.4075695522640541,1323030376
161,6,2.4409356752017115,1516393283
58,58,2.081573145538102,1193522702
22,22,4.37084760864222,1005492952
89,26,2.2533916703405725,1316671467
49,3,4.1557298871040285,1631339958
59,41,4.567488579242939,1065256994
170,60,2.735269678306118,1412850358
188,14,4.6397725754175685,1614873357
15,75,2.5092722158527714,1785177520
190,82,4.856313665960433,1677385682
190,12,1.3571580981022917,1886016869
175,87,3.748077066012971,1608032355
190,12,2.9752561618277147,1544071174
51,13,2.5505952218225882,1109821469
108,25,3.5308475149944036,1383285714
55,45,3.8154283665373248,1163080496
64,19,1.0174530786012363,1268140504
131,55,1.6678123549887949,1658195599
51,45,3.852184202537275,1074798069
135,8,3.665541654312826,1468209895
21,93,4.864190020514709,1267966130
73,53,4.044151161003132,1353930961
167,55,4.803090830925353,1287516379
18,32,3.810162006139228,1429358671
132,51,2.1922088345577726,1252657139
89,44,1.421459689003426,1538969641
60,82,4.127295453379743,1197240080
14,70,3.5765968859036636,1225341118
9,18,1.192744049573185,1756795564
90,83,2.4402018636039133,1466854860
53,22,4.827199261937144,1521044998
130,37,3.001604582840805,1460553370
84,96,2.7309165440788186,1150683145
92,56,2.830798420637176,1062925345
111,59,1.835530896020655,1101784099
188,3,2.474828683459181,1630050712
199,28,2.4792530239487065,1695005701
172,74,1.2094200807498896,1817430423
8,35,4.070270514071673,1418792337
175,61,2.666017727615516,1837621974
35,93,4.288719547265693,1443795589
81,54,4.401392004479582,1784005404
164,63,1.8479762187946323,1335694973
50,79,3.6294139286805143,1350541720
104,97,2.889127216651927,1230950326
132,7,4.520626951685941,1002488144
2,76,1.8629627167058165,1727382701
134,49,3.711252801240177,1625884311
54,94,3.4310084890108903,1993339722
106,85,2.181205910287331,1045399577
4,31,1.5464036146046904,1515193970
54,58,3.6065590419091063,1240720765
191,61,3.9543898325293227,1266563041
146,24,2.2625093750534,1273523995
44,20,3.579330416089255,1225039234
162,37,2.580523630446013,1760755274
190,4,3.852827533130471,1478536869
14,92,1.7968610995762124,1022074556
95,20,4.5608600105446975,1589699149
48,60,2.149638385862319,1839277490
15,24,2.4711439510246116,1869244505
190,50,1.2323678083213991,1361874095
40,49,1.4460488492851056,1338540564
82,51,3.0634476108493125,1784486965
111,96,2.070370706911886,1697132215
53,36,4.341920902968777,1007838941
24,98,1.0587735546198154,1831394618
154,66,2.5163761946877448,1266057031
188,79,2.3493821870763707,1520771762
124,34,1.0773105236704041,1840738579
41,36,1.4974735960020409,1169397359
157,6,2.654570699674541,1270237407
15,39,2.9714583377897865,1142659285
45,42,2.6171589890194764,1466031674
65,58,3.1237507136483753,1228685126
89,12,3.380526699622726,1565590920
71,3,1.0396952845113425,1880643968
9,18,2.8563806378140155,1420219548
88,40,4.853996963550353,1352040135
129,21,3.076129120518195,1763315511
136,15,3.7101690698358127,1630661109
63,97,2.247455431667533,1009941699
139,99,4.09596551261105,1536783906
81,26,4.091685927504461,1528466298
136,8,3.085184190616556,1594211202
163,94,4.904055293116855,1725241589
163,87,1.5022008590506135,1245438700
33,42,1.067790659558324,1230359655
123,44,4.080632847028384,1471070214
5,14,4.228622149459531,1934005018
41,78,1.480828916482305,1899676160
28,2,2.0623313318344243,1968410842
135,37,1.0702094534665156,1935068111
72,69,2.1732344431222588,1425622757
12,38,4.092567495674686,1378610630
162,41,3.0718421108503158,1572936363
33,62,2.3923823726731523,1835521622
48,60,2.486957179625321,1722751016
151,14,1.0054145028618726,1303019130
62,89,2.1992021102609436,1371266378
37,84,3.585834966551722,1758682921
99,2,4.896777775265429,1210065268
172,70,4.388243307935598,1584318880
104,17,1.0943798585821165,1812589745
35,89,4.594242418699357,1651946558
193,28,4.132793653194504,1946542051
101,66,4.121504494283922,1334268580
175,35,2.831983036014286,1047732712
131,5,2.5920211718180113,1248567482
1,65,2.2116629153327705,1448020862
5,40,1.262779435817463,1975816912
142,76,1.9129414539747964,1905801442
103,56,1.9864145399120985,1184954287
27,36,2.9363082788408064,1338052484
137,45,3.989777626386776,1993175087
15,23,2.8952393135917864,1341719263
90,47,1.2313777977886424,1783783938
42,31,4.831159203952815,1899318131
124,11,4.770897276376449,1789698222
179,10,4.1407581725936335,1452695485
63,67,4.965311606256883,1653795938
96,14,3.1779293312010517,1381624435
52,80,4.851073401012824,1939695373
96,74,1.302420162467003,1734495166
132,93,2.4627229930454853,1883197295
151,10,1.9015250720270633,1846212348
143,76,1.7833323365370801,1739558716
171,94,1.5632117955707043,1485257630
29,1,3.4896545662639866,1609860702
36,5,4.125287422989221,1555251472
13,20,3.3131935976814426,1232967035
160,8,1.5878508383528387,1967963671
71,43,4.244495079733884,1598060659
187,76,3.543818828654914,1483572374
86,1,2.552662824507982,1481072977
28,57,3.696521182144252,1677651505
66,64,2.0396199169713314,1241810933
170,84,2.380768833976842,1585749197
45,28,4.66994337252796,1326880753
62,37,2.1620180226856816,1202708302
185,47,2.8799530726317464,1304581710
134,76,4.5605645495840585,1908027461
28,37,3.83088540107011,1428620826
28,49,1.248812904658811,1769497358
108,44,1.5892121771158814,1483168817
44,56,1.0313663630876673,1564255523
84,28,3.5236871609166536,1088301319
30,79,2.7906937016416733,1838323790
190,6,1.5370994036091021,1556749501
75,61,4.831736484227082,1824883758
128,20,3.1186388957824795,1487412684
92,78,1.9675731764515567,1207328616
190,2,3.00241428461883,1568172385
129,73,3.718481330940431,1109544407
121,37,1.304956871894258,1977491431
27,20,2.098815260191568,1614703455
190,26,4.227861963535974,1354887356
121,29,2.838659481610645,1598091679
116,1,3.1863085681291796,1046021853
3,35,2.731264008837877,1693700467
103,70,1.1755997705720205,1190083824
198,59,1.6629991192806237,1951409420
155,69,2.7821665549675636,1969712640
137,33,1.8367418616317113,1241213985
62,51,1.199916114638715,1511686077
165,78,4.374598656207295,1024219726
51,12,4.924770116656463,1460387563
172,20,4.172571495986958,1118384973
152,53,4.415139686818668,1404120440
59,88,1.9679085212681815,1737000796
118,43,4.842507902052799,1088235105
160,98,1.7877028178137135,1719234129
96,89,4.8057192414473295,1818899445
180,50,4.979277175863804,1913082310
113,29,3.846891222984195,1557979100
62,57,4.924574927167288,1142884854
186,39,3.2781591182684147,1023711646
52,95,2.0381671327043613,1523505343
12,56,2.7479835426624835,1033319676
39,43,3.374243741515144,1712369048
130,50,1.29232624810806,1594301477
131,23,3.4893730584689844,1271140877
113,44,4.924711347049178,1999608711
101,38,1.7604305991349105,1630308186
113,84,4.170380465153533,1962099585
184,23,4.631595175118477,1315096272
81,45,4.774806371280883,1864433508
187,52,4.840542417621789,1700707789
113,80,3.0858385548858878,1511852120
2,50,4.909231631966015,1409595447
130,8,4.0292408285377554,1129117277
54,85,1.6466857449478476,1709295196
87,1,2.90760042587188,1936218963
129,8,3.873324701488016,1739560020
147,29,1.9893612632763333,1690240956
126,96,3.5624607341955494,1150598388
130,5,3.666401916186477,1290440213
53,86,1.6507989752342636,1840579362
172,47,3.260341249811025,1623013348
160,34,4.08650764391443,1301735695
198,65,2.9955826581437677,1443423025
160,55,1.0484124671044297,1638863993
68,90,1.0361538763171687,1745376895
183,43,2.4281173758800487,1725719664
184,74,4.704776273727128,1589964202
123,30,1.914707118414435,1893476112
145,82,3.5374547554867486,1115405647
38,17,1.8883034827732823,1028549561
24,26,2.2866799586381945,1197839350
69,8,4.392168358405936,1009080961
116,47,3.9154457690797875,1776633475
98,76,1.3815971092528425,1055296596
198,91,2.7148080839457345,1690624422
139,72,1.1166790545810579,1304317921
144,89,2.923560586412036,1412532101
97,46,3.6497360468042723,1264448592
124,68,1.4740104943926062,1410828760
187,33,2.1555397556366627,1795695428
70,1,2.5913465020086277,1041245764
93,19,4.678124098624199,1733114003
3,31,4.973020061691856,1007059903
148,80,1.1796451959824634,1408094223
187,14,4.044031693981568,1542948146
164,53,2.486896265609373,1235075176
147,48,2.56983274491792,1303918244
90,69,4.01705989338809,1877213159
195,90,4.673705728581634,1982279880
147,62,4.803714378010193,1724540100
148,92,3.308490344153283,1481363369
96,66,2.4284846372020112,1943324856
199,64,4.150196343435117,1452712257
52,70,2.004005533049201,1000975112
161,63,3.256296115334071,1231169898
168,73,2.4343138460994926,1708676195
128,33,3.6265242948315044,1055745877
39,41,1.9615956515740276,1403209023
82,89,1.766371782939303,1134831829
104,48,4.672956346701748,1310217377
129,13,1.4072147317981476,1720758198
11,73,3.0238316309397266,1012234908
185,77,1.8834111318520357,1516957605
178,31,1.1557198533026698,1290360173
151,75,1.1440752731657056,1541992544
159,68,1.7008870884233094,1962198033
42,98,4.4670814180240015,1956852550
99,4,2.1299149759081066,1767974336
7,19,4.801836682301182,1995750782
144,70,3.326489171956774,1775395424
90,98,2.7464567590750644,1882885120
112,82,3.3203553386778184,1511705303
60,13,3.066793540905071,1247831683
113,23,4.0351050150293,1053226755
2,83,2.129984263891409,1424479825
129,75,2.4122015664012095,1313548058
48,1,4.576377210133003,1536118954
140,88,4.785826052601622,1521111071
197,54,4.570232909945898,1906242208
37,71,2.6777919758292543,1939387163
160,89,4.121462012027527,1475038824
9,85,2.905342933204395,1152858851
99,15,2.9901594085844088,1720871099
147,65,1.8187204362291358,1463980861
48,76,3.364521213034066,1999560655
131,71,1.7445435910133917,1999166753
148,15,2.326258796268775,1231200342
152,21,4.420120806479741,1001120113
54,19,1.8283032368434209,1815508329
120,60,1.2846331406937312,1105255383
161,93,1.2760303704512652,1167322679
152,89,4.763138082012432,1535427696
116,33,3.0276817518473385,1609073164
75,49,2.6376482872680733,1348597687
113,96,4.243514324031674,1225063953
164,35,4.343303711642064,1868453045
166,44,2.3287641324624184,1391891916
104,90,3.774472229895181,1834011364
84,11,4.084491263407546,1801071274
112,99,3.618602747463818,1754139430
99,72,1.6063802992003975,1279482556
153,78,4.503532334068228,1038199721
93,74,3.156378210944035,1547402704
146,66,2.1298897054800148,1478655566
128,46,2.7009127417507757,1099572369
110,9,1.1502843615956295,1498369430
82,3,1.5114672048896702,1736963765
194,85,4.062187002063443,1042566130
54,26,1.0000465390214646,1136247069
163,72,2.6662633139291687,1120457977
189,48,3.0900407243423538,1150180705
169,66,1.2185376800038892,1905093945
161,70,4.892312651889331,1161910467
68,28,1.9045013249986877,1249399366
33,93,2.2167948785451235,1303759505
142,26,2.2157700490201093,1268132102
21,25,1.9216666484693996,1019625255
48,12,1.0058952883452457,1126466629
148,5,3.9173791763519854,1139587065
128,98,4.867381999197141,1164905152
136,48,1.8971739331401802,1586273859
135,37,3.6521887672136897,1638414640
195,79,3.9675853078348604,1461840435
145,44,4.393701516362099,1484998001
128,15,2.6905167880544365,1418187626
33,43,2.211723622561717,1073336604
176,48,2.3011805360921245,1886360980
187,87,3.8504853323940513,1148867545
115,70,4.267117866022544,1410511181
119,46,1.7264558710264106,1467126792
22,43,2.483764032631061,1029988602
158,21,4.6077607869966,1325907886
38,23,4.226774078778957,1659195723
109,80,4.939433611049903,1876354857
51,47,4.016993038728323,1523468471
182,15,2.572780804111689,1295791282
8,25,3.362551335978551,1078490821
27,36,3.644057016989281,1375082111
27,75,1.3138232652684958,1662006291
21,51,3.1779878364154603,1332961751
30,15,3.8372833138904383,1294843802
97,68,1.6692852160042415,1002568101
28,21,4.122526869702229,1248331328
111,13,3.3350911220564465,1864992949
192,86,4.808887142790379,1588500336
197,19,1.1696891928275668,1161424767
61,34,2.061304550221868,1292859310
48,78,3.4062155171992963,1794226630
147,68,2.186239648823723,1803692626
4,52,3.857696656284969,1765170645
35,27,4.036021130087724,1238583614
192,29,1.4100638562658978,1263818936
49,28,3.055417856827071,1177644470
17,35,3.0355622223642236,1961748795
172,8,2.4771230808621643,1718955106
158,16,4.731699450278688,1486502973
46,36,4.310025279492885,1544889117
117,30,3.788837527638547,1810234844
6,18,3.85730654293999,1540757525
99,2,2.8468645752524764,1977088970
124,49,4.683978084386304,1667004115
37,77,3.7783817090131415,1248531069
24,4,3.9159242466232658,1344267176
93,90,4.446763615149381,1159091241
46,89,2.096286357368764,1458705505
181,94,4.228283615466812,1386537408
95,75,1.7809624118259682,1873608734
99,7,2.3813678089795514,1383638685
188,95,2.342441817079371,1258672751
116,74,4.914101873556563,1897214865
191,39,4.426148894991707,1204656374
160,13,3.804679446361039,1206442768
161,31,3.9082270464615605,1277579045
67,71,3.2482911776102843,1302371213
128,63,4.788362668434076,1747399638
18,56,2.985035011529446,1705606616
25,42,2.522070839479578,1405079246
54,61,1.652141347726364,1142427245
58,42,4.1448226090442315,1712138167
67,56,3.9377757283023658,1526124309
104,36,2.5374201540965395,1936013762
174,84,1.1007736558369174,1579419703
24,68,4.355989310872043,1144344950
114,7,1.0456719338162945,1531914642
32,54,3.814799118516204,1327629368
175,1,4.881028438904228,1302948267
86,44,2.750645312592814,1089155041
151,45,1.939893619983811,1684744482
194,47,3.819484040173527,1046754929
127,13,4.268512568062341,1816596860
155,22,3.1857212643113892,1183565184
130,21,4.868141101024585,1306017075
17,86,1.2066748866318444,1492428116
104,92,3.0191823932181125,1191688156
161,9,3.8738157892902003,1509643461
137,26,4.450561884596716,1334391204
43,9,1.7170224476311602,1738203968
176,15,4.200013927054726,1882393266
39,10,3.210828302874181,1972923776
170,88,2.586214727959853,1470923188
26,42,1.5268601143163743,1597009935
99,72,4.461183035635649,1725033451
50,24,1.6290928327188614,1816349050
153,80,2.239151436836397,1446431292
152,49,2.1601821278497475,1056817319
13,26,4.485656136763417,1911759897
60,91,3.690811976835592,1050596687
135,37,4.186725588765489,1496319451
57,68,2.001871595169996,1083505216
36,50,3.4994963984279956,1371175011
173,24,3.2869839325749948,1793690697
20,19,4.331321507153085,1010589887
65,60,4.624348241925042,1683767978
8,39,1.0486270859095472,1061766928
144,74,3.6960796762351706,1299036536
142,89,1.207343196478916,1227552954
115,18,3.1954346603094237,1593527318
143,19,2.150530916174713,1991251846
92,36,2.227106398088565,1855642027
98,74,2.4118340138094263,1454949556
66,97,3.4851697961984405,1146820422
32,55,2.336199862675077,1015927403
191,69,3.9307962023611216,1167368526
86,47,2.6181095422954788,1551541921
51,49,1.2734128012398345,1545692461
153,99,4.135039369936429,1869802988
186,98,2.143033298370824,1615557571
63,33,2.7310675183970505,1019485901
190,21,3.741775532887606,1191363661
125,81,2.329824628594848,1839463951
150,22,1.2263426245868625,1686678342
58,48,2.4956841880512544,1396087903
58,37,4.777794330777214,1821398162
86,15,3.5669375891942328,1863010817
49,35,3.6859165946688277,1719692809
180,92,3.5291286145505594,1834398641
170,71,1.7959685558377472,1259022972
70,32,2.6733354564091205,1846971984
15,11,4.0037591934532735,1014367204
54,10,1.4054915902126366,1342829707
188,73,2.111411104358849,1199460677
101,78,2.1052764338634145,1664540309
8,77,2.728075710378024,1692366184
53,57,4.92147496376874,1625065299
60,25,1.2700101867352878,1701636736
108,2,3.07480397752238,1669041077
5,64,1.7174587280488418,1507761390
103,35,4.8827061816389765,1202058228
196,7,1.4532140189098568,1650677305
6,85,2.614404009446365,1375579845
109,18,3.9515399393384247,1185235666
116,67,3.818217712109781,1547020689
94,42,2.690914547575729,1947078021
47,39,2.386096671810873,1702298156
99,41,2.5904495142114823,1798698592
55,75,2.057105052634557,1170988822
168,24,1.8213317548271992,1862509590
52,60,2.93215879023556,1103028121
144,46,2.0741350242704293,1901503436
13,19,2.1498466595890005,1883257734
114,68,3.6270242538982282,1046894926
124,90,4.874149326799569,1874595371
106,42,3.4145488022375003,1943243290
158,32,1.3079178682598651,1439491353
147,39,1.302334455416268,1185113550
145,36,4.805692883382264,1857260579
120,97,2.1891631612293345,1769206892
63,36,1.3682679443299017,1442065462
19,3,3.3961783486015262,1610820799
92,73,3.4945951131610644,1497456346
58,8,3.5940192804747526,1849457336
183,97,2.069608111430165,1884575300
90,70,1.0604427368579001,1606445372
117,41,4.860061477817887,1015842433
62,68,2.00357218276441,1058050102
23,13,3.70410515221019,1339949433
127,49,3.8265194795148383,1466787936
137,60,3.4400296683179428,1034968399
140,2,2.251629576854593,1993243734
129,60,2.084385015056263,1516432677
58,5,3.3906731308108125,1565288566
122,44,4.4643825344467665,1978144975
1,27,4.786934915693582,1108381517
34,32,1.4236232176150305,1979935132
96,21,1.6193144503908794,1397675673
126,8,4.778945035132319,1077180450
118,72,3.9461409133391703,1548333646
48,50,4.531975299319092,1552188482
89,67,1.8105305365413726,1824702806
117,44,3.3503434844376074,1572361116
129,58,3.8045583776698946,1627155489
16,3,3.7204475417878906,1860206688
189,86,2.6326067634667925,1807729320
192,70,1.061579566765234,1133614248
191,2,3.3317042272170525,1720039574
69,87,2.012406156718435,1590424578
22,44,2.8010169845715613,1326163769
93,2,4.830324060335269,1538732575
195,81,2.596141270569739,1844224798
76,35,4.359206426657707,1250260049
154,98,1.7541624229970045,1747637802
144,87,3.6898419921001153,1296511366
179,30,4.908027817755774,1302039656
86,8,1.4075724034917472,1364166144
185,22,1.033279768908768,1265702972
29,44,2.7343311705304574,1273602829
69,58,1.3705019322054688,1736183475
47,36,3.9935373987049254,1582592223
94,69,4.658194655394236,1757238277
190,77,2.7360838908350353,1455085158
197,93,2.034846568621764,1511822857
144,31,2.737613276026439,1637831750
176,47,3.893791271400004,1321293401
85,55,1.036216646321484,1414322913
39,80,3.3578159579387887,1810934941
100,62,3.4531667395495163,1276526819
33,30,3.550752987583742,1223064980
101,55,1.9680883199235089,1567466109
23,16,3.856210893512507,1568089808
10,12,1.3655659453271056,1755903584
69,17,1.7970813458672033,1844769353
100,16,4.509880186617927,1935198322
34,12,3.9548926029062654,1677597166
180,8,1.054982216045381,1214308521
138,84,1.9935050414792008,1276576050
147,3,1.8576259319726582,1613300159
186,16,2.0832253121478903,1785792715
96,30,1.9902390811195456,1433557559
1,23,1.250105182971383,1371565263
69,92,2.8357620663872813,1842156584
4,5,3.9309338991446605,1112023583
16,84,3.4269268988697457,1483192334
24,65,3.691486674392319,1039989821
80,30,1.3245967141449566,1317817498
2,21,4.805962840707149,1913391899
128,84,4.353967335372099,1876549840
160,70,4.22036127398265,1829615935
84,22,4.29193522016707,1940772845
152,82,4.730842032531045,1950511802
140,72,3.177015864454791,1218780145
178,32,1.8011280714705036,1955696569
163,33,3.4671344314101646,1773775489
124,16,3.971525974671756,1550720126
33,76,3.9516695734161016,1471858467
161,38,3.0857960966675204,1074274929
189,98,1.2738348773343122,1574168262
179,14,2.4844517537205113,1700540940
171,36,4.68306643385343,1399129870
101,97,3.337795639029704,1856182360
12,23,3.1533277730228537,1789716182
67,66,2.075414057528774,1697358779
65,85,2.4737956796663156,1108871445
161,2,4.581384356612677,1310427135
168,91,3.665852190107343,1816245182
74,73,4.149548107009331,1325497817
43,65,2.8173816922706205,1283902944
44,75,3.5209888778246317,1445192906
29,67,1.9935344349728301,1239405129
141,52,3.821843321133945,1967600664
12,62,2.710405334813349,1471642212
95,23,2.7701820592589823,1474138799
46,26,3.5972892983075266,1373967988
130,68,4.745122485875706,1587582629
35,82,1.2560253864344837,1868225064
81,55,4.29897294938803,1346091948
90,6,2.1695324416487725,1195379543
8,35,2.7756778180255113,1632061351
93,22,1.0876533151000358,1889303405
154,43,2.204184311337252,1206060663
90,15,3.010524970520522,1188863072
162,86,1.224704309389756,1385514128
115,60,2.9643829175326606,1994710231
105,12,4.70844251543371,1690743524
135,49,1.4215728724312209,1424874808
196,42,4.057762912302017,1025971841
58,38,2.6386842135039705,1632526175
114,82,3.620694858097352,1529343805
75,45,2.0409463919409174,1267688919
157,35,1.6379690501654331,1247729800
120,30,1.6418504570849057,1398740291
164,88,1.2819677825725786,1756170064
21,30,1.742586819604972,1478835984
164,78,3.656877539955873,1694472820
138,6,4.526762447374033,1302406449
101,67,4.256502742364647,1926992751
152,80,3.7405372394979364,1350315613
192,7,1.4417274536444107,1883880103
177,52,2.1567497851837993,1922110905
99,14,2.239227501289876,1200477332
36,73,1.999827785590485,1832241553
96,15,3.0600226388388925,1577581750
152,21,3.1422152595186903,1139019164
151,35,2.427543900684441,1231899287
190,66,2.415156634945744,1347693641
37,91,4.314222391624325,1148430700
12,2,4.157171393278743,1543802256
113,35,2.2311833267229826,1839485713
183,82,4.655153775493037,1982988329
13,78,4.811260068010024,1713949679
23,20,2.3069701681201633,1221032147
99,82,2.4176997951722194,1715065444
105,10,3.0225366136878353,1426803756
30,25,4.764483250134694,1334312529
17,66,4.505277732569246,1864421392
113,25,1.4102718503343592,1524339272
62,54,2.570922973085665,1602311693
84,33,3.2134847589990874,1042192304
112,36,3.01252989020616,1493519004
86,95,1.7754522717475707,1381493982
141,14,4.435267084672619,1016480387
187,65,3.7077631319873494,1867851601
19,80,4.351633499407214,1008625146
177,54,4.435057117397889,1357031287
100,52,3.993423414662959,1418455415
140,3,2.7568424049988693,1339153454
189,99,3.442187020061698,1562190442
147,41,1.6414616244789726,1234126955
76,6,3.6945816698996308,1213055752
9,25,1.717013022957123,1275066060
199,13,3.7757983620406272,1030334030
28,98,1.9183926430158746,1923574030
128,8,1.47020520060088,1930200539
52,21,1.6611379605718297,1974865380
83,98,1.007968540876281,1526674166
111,68,3.874958471414121,1374131545
144,25,3.9296041962335164,1726742963
117,79,3.059733399653038,1746336984
69,68,1.6454512042215348,1822125721
99,45,1.334217350042759,1395706521
140,60,1.076515865749148,1050470573
25,12,1.6629927078608828,1908603483
180,32,4.563422139932587,1533609904
123,96,1.966147366806727,1836884817
53,92,2.4170853088688626,1340956639
151,13,1.4213819379253327,1817491074
144,31,1.8894452189926811,1436582849
57,78,3.0768982831208205,1718206944
39,20,3.4310107323826102,1685255465
109,18,1.9814092566648442,1230032146
181,93,1.2309286369004688,1296161552
42,60,2.5641314765095946,1211449835
186,63,1.9368134837053366,1052289440
167,6,1.8782156929192078,1776780363
142,32,4.839451210853821,1265457840
122,93,3.4652019437028962,1267112119
133,43,3.2275137726883836,1394488638
163,2,2.6631004140932877,1966845058
75,60,2.715777333720577,1788961130
146,23,3.1636200153523233,1198859824
76,83,3.785719228144429,1422933046
9,31,3.8085843847273178,1356213401
74,5,1.6867756308217983,1486428002
186,83,3.000451008306508,1188699955
145,34,2.647832380136408,1177314659
7,10,4.482107865077537,1820305780
174,89,3.5256756848735056,1435441269
141,2,3.130016265663927,1529184518
168,11,1.4615785687156695,1383198253
170,50,3.422551557293646,1191535971
137,31,1.4688156227209337,1236641167
178,56,2.3488263022630083,1176386455
27,79,1.5713678592573275,1408192188
122,73,3.7682945880974756,1622999357
194,87,1.8250084553446104,1841622656
5,83,2.567437492752104,1220174896
29,9,4.582699110475115,1085999128
165,99,1.8172655335958812,1652303625
166,21,3.0312202558351165,1268465269
83,73,2.677086644664088,1746277327
136,28,1.072496164182919,1590413967
109,62,4.171032454291251,1860498361
65,7,1.276183625258399,1358292679
86,80,2.8970200839078144,1919998950
145,16,3.2427131797557998,1459486043
71,97,3.5137058264583483,1511978629
45,4,3.7545265172315023,1578721679
132,4,2.0130895340908603,1989106323
36,40,1.0399151066337975,1800666959
70,17,3.893774649419648,1694512710
159,52,3.1426263973903144,1941139277
19,93,4.344470812828995,1196262698
189,52,4.285553451602777,1484657817
108,36,4.373304671151533,1876449881
182,38,2.9403786399181606,1414180685
167,50,2.3345135833474626,1180007110
91,63,4.16623281036548,1115395704
90,63,2.8051764521170197,1999014700
19,62,1.733768785613738,1560415443
39,99,4.419896078245897,1927847998
126,7,4.530239507089389,1455805890
195,27,2.8652390245606805,1933172659
173,92,1.3027989092391499,1134676547
141,86,2.551304359667725,1923954940
126,14,4.214150637850413,1626110361
58,71,4.607096114184914,1889637322
148,86,1.8138909699903834,1485983745
61,5,1.267894448101086,1760660365
127,55,4.509401812531355,1238809707
105,2,2.557619755915501,1966798621
167,62,3.167043857070253,1213325360
1,91,4.872263248203035,1635462795
131,21,1.2662589116568914,1910971609
92,79,3.5932720298083822,1107586091
190,21,1.2964216902994683,1153048992
191,10,2.5018757138660015,1890256140
113,87,4.2152581807737874,1508055117
153,58,2.7338889310225376,1009332439
56,39,4.988729415611802,1775981949
161,5,3.2362371397864087,1844933729
166,65,2.284648610543814,1716106475
117,13,1.8804453036190125,1530213145
134,85,2.4020821371446472,1047118996
58,90,2.4901330950382032,1884677531
44,85,1.274854710895844,1767786799
173,53,2.4782967977070927,1004051939
160,82,2.8569540789568997,1230991783
173,45,3.8909510089552186,1168642113
61,32,3.626917938886432,1094857961
47,36,3.835062620916617,1976176584
149,81,1.0334547275074284,1463689814
80,99,1.8706695983221442,1359320780
118,60,3.646737153599426,1701414166
164,11,2.9359574727189885,1591396176
147,63,1.0212539026733838,1382680317
20,21,4.21797856972729,1594286895
185,52,4.09123829316135,1217585019
146,55,3.1936766519742505,1657750611
47,26,1.2658533031050885,1459408659
49,68,4.066060198130339,1979752634
14,34,3.334854350925456,1810523181
143,52,4.127839908631836,1430576514
159,82,4.006987969583362,1993213707
1,99,4.212008287831349,1862711591
117,93,3.0720322656184993,1084811073
54,52,1.56129807277406,1453338623
118,29,3.6846298935187547,1968130147
3,38,3.4818951402078824,1722804813
144,42,3.9690127487963487,1315951887
185,21,1.6795240242029412,1255176018
12,42,1.7799007996011569,1393595553
74,13,4.561638068877314,1801975851
16,64,3.999911193808283,1637650428
102,17,4.632913954801292,1067330285
152,9,4.034861284655683,1293950597
156,41,3.3886212239612075,1633066687
117,1,3.6165309481114947,1766291299
8,2,4.55651169576004,1512737557
122,60,3.315227018047762,1464522257
92,48,3.5295652973135496,1334332427
164,29,1.6259068640144023,1395595955
90,97,2.895684880464411,1282374266
136,10,3.865588447832396,1490198261
186,58,2.0837707932654617,1417953501
60,60,1.8090167220981397,1325664116
178,21,2.255307232897662,1616909874
28,28,1.9660025119713338,1823500775
101,75,1.8596505481455834,1959648838
41,34,2.6994033714723478,1238359007
192,8,4.631354055534136,1449027631
155,59,3.028238586954873,1360430610
191,86,1.7516815232612921,1386565893
145,72,1.3078866775234963,1889030739
161,49,3.784624580551701,1513891482
157,79,2.5311950577455513,1435534388
141,17,4.287323786341437,1378534506
46,60,3.6380430745630807,1361912676
35,87,4.184965802165474,1115098415
134,88,2.087784157673795,1455666310
82,45,3.7694356898442325,1418963898
115,83,2.056247938774875,1774745156
197,69,4.756273917801167,1780900874
47,32,3.5454971261334975,1103596174
153,44,2.2980472007013684,1774582463
194,65,2.0780474491690906,1333612418
10,87,1.763706340286574,1710816121
56,8,3.778563835574911,1887357974
30,77,1.8748624519917092,1167601844
109,72,3.3812130637099562,1151817508
5,87,2.0585401077014294,1511558664
119,43,3.6478757791754743,1581209358
33,1,4.259758914162157,1603645314
118,51,4.112100972578613,1843905116
65,24,4.043405323723126,1156653509
146,99,1.7508896227690083,1909441552
177,24,1.3535397879380748,1077640857
11,17,3.7957953139495424,1178229652
85,5,2.4733888551774053,1309527700
26,20,2.729384905613389,1371647352
63,21,1.1245963711735643,1256601354
86,58,2.0383057971001968,1877613477
59,31,1.134705615497856,1463576903
27,11,4.51674309040499,1767067753
177,52,1.973586732874122,1716947927
161,15,3.229348678292032,1796271138
98,83,1.1559172826445216,1241668726
105,7,3.6673895652226323,1872394253
99,28,2.2921093830163755,1064773622
129,51,4.591676747830663,1941650957
149,58,4.552472755736144,1842640137
55,5,2.301162473446991,1773803659
6,5,4.603843582761872,1828372773
197,94,4.984630693995115,1118489451
95,96,4.301662656495792,1398207094
133,8,4.379485391020916,1038243565
102,64,1.9960349444363596,1138396193
3,10,3.3068095954310253,1226888872
181,38,1.2690236558694714,1307698185
23,96,1.3796717472866789,1971027065
53,92,4.995570448133162,1435423120
165,81,2.3065569977036438,1520992400
83,95,3.9927356481953855,1179921858
145,8,4.226660212107266,1226667453
85,25,4.432093084028917,1264449758
78,73,4.990513189608626,1139461490
110,66,1.9659859410274714,1997609216
1,79,1.1614033074387988,1276667147
51,50,2.644766071978344,1246145894
173,67,1.5203226793157878,1432001539
4,49,1.0897035566482205,1749857705
190,36,2.4417073085659444,1714061196
193,68,4.134953004300946,1890889057
113,78,3.2647227649002835,1557217897
32,41,2.251111956841416,1909579348
34,89,3.617368021970879,1503345365
92,62,1.9280727212352429,1637181048
95,10,1.05752578428834,1944114819
72,21,4.0574135457457094,1355134289
39,36,3.4949723394560364,1977668292
154,12,4.0492104980038395,1533037074
162,91,1.1557520667506624,1741327489
182,2,4.348478511322609,1521473035
118,13,3.4781048001452133,1052450384
3,53,3.2535814028505605,1949756233
123,32,3.4984561924581263,1393921377
50,95,4.457732987473456,1789349125
12,16,3.3477460262356282,1824734087
193,32,3.3238015195527173,1336663164
54,32,4.962716628263063,1715909426
133,98,4.026920668274272,1529911230
57,11,2.769175221804541,1106364344
145,10,3.829588000131711,1440101758
112,15,2.556921886767154,1678130689
47,17,1.915501849933996,1123079175
151,40,3.3874075075510377,1127287033
85,18,4.712728392455806,1362677898
142,55,4.716558080061851,1585706107
66,73,2.3676211124219613,1082947380
75,25,3.11070986488678,1979305187
179,59,1.8465435942794448,1848496137
103,78,4.982524437995534,1271217108
166,89,4.924471631471743,1236972243
192,22,3.5980357188297893,1032121967
38,30,4.2176562387098935,1797905927
50,84,3.8604006451348,1104880931
98,85,3.3726328761578728,1364927452
82,44,1.2133919879555908,1582198121
30,32,2.8190573702106443,1799920587
79,51,3.699145208669642,1028715260
91,46,3.7101264555347386,1679925261
179,21,2.4924904736895344,1455271151
191,99,4.766767946632122,1806237621
52,32,1.669428128947124,1114908116
166,94,3.0014377848622424,1236725077
79,39,3.763535906203291,1249843348
30,12,3.788543223567237,1587745515
106,47,3.5945558270752622,1416621873
51,18,2.1011528538074407,1299442653
81,21,1.6248262747464879,1785410726
133,13,3.5437613073068435,1615918611
29,21,3.397208464557751,1741505239
132,8,1.717424041156964,1591993686
138,46,3.8205565822822534,1010186886
184,7,2.8206879669346256,1162691976
145,23,3.6710423664126117,1334509184
74,96,4.349468319080603,1965063065
17,75,1.6789137143076927,1371152165
84,86,1.0765794719873467,1157680885
69,22,4.116410345583147,1483139260
34,89,3.4387897006104637,1965375531
6,22,3.798558278488487,1283455573
53,92,4.35261989995457,1370756139
194,29,4.211243739298002,1438998857
126,13,4.843680587715299,1732446070
43,82,3.143740315408473,1175809981
115,2,2.9539825306396215,1051552633
111,29,2.6075487995629203,1213294469
151,85,1.6147641713768182,1226838160
183,79,3.2904289315280897,1530510898
80,52,2.108050097303915,1271039781
95,27,4.685230048851902,1320443954
118,50,3.3327632171083903,1366803209
144,95,3.3713607220324406,1741981303
8,79,2.41969864350804,1955464391
132,23,1.20795740791083,1374808468
104,88,1.1269750614919545,1077354231
132,44,2.69334057661279,1771375173
184,77,1.3382615123889514,1490426196
25,22,3.4273878221605565,1134649912
195,43,4.52389202255863,1891529254
96,37,4.531659266074889,1968024864
195,61,3.6361816405289296,1769441210
155,97,1.844927325891724,1141734929
93,56,4.451987325435488,1321675191
160,3,4.544373741252833,1000658139
178,63,1.7866143398118348,1455955256
61,19,3.949704343082709,1888275699
122,23,2.146078195708492,1375691615
51,29,4.210561249411718,1410888139
147,30,4.988951599614411,1490644777
21,39,1.1201040213175713,1837339418
5,25,4.589463463163728,1022992457
92,8,3.490522134394632,1021094509
170,58,4.893530476659285,1334906360
61,16,2.8600380701057104,1080518323
22,72,4.3895517222854945,1549730217
149,1,1.249576274393109,1266058271
70,5,2.341116200313183,1992917225
1,3,1.2680661510048399,1329887513
133,65,4.901372533916282,1928800792
12,4,4.267895629087347,1512004938
90,99,4.410189684983882,1180112150
46,96,4.751860925735577,1156599009
34,64,1.3404139444791414,1654153784
177,98,2.5423903700533335,1226533555
78,89,1.2841395561760085,1751419623
45,10,1.8431724062001145,1361482109
155,21,1.9174631081506894,1570728790
73,46,2.8764288441903147,1506687964
26,91,2.0742486698145703,1940922654
47,27,1.4039124272710444,1193923647
121,66,1.6699643563764308,1204087750
56,41,1.5891022542083637,1807023847
94,13,4.892307191649193,1832270624
107,9,4.037170027673895,1403698900
63,36,4.871045861078247,1003823873
48,86,2.758961946031634,1053293585
61,90,2.1134739266506264,1431913646
81,58,4.193172788836747,1737500064
26,54,2.305015672164587,1615303396
36,12,2.197533494821393,1171465953
1,81,1.9300239688313248,1501277267
8,78,1.5187159128969414,1855035682
113,14,2.025852244067064,1475877810
99,34,2.421278993895551,1333345649
180,53,3.6959768325829216,1413162492
47,20,1.2502593688778063,1304543477
127,75,1.8420277586613718,1660509073
56,16,4.236094561166706,1354019949
14,95,1.587687694335083,1430350077
28,70,2.370580586090086,1281462871
78,56,4.45863568743256,1503454279
130,83,1.6197012445737706,1457944956
109,58,1.3309473424727596,1578995741
154,4,2.9381519803200433,1501644971
14,4,2.2096780451141456,1993673524
187,20,3.2536334579354165,1427326345
56,10,4.215219561933901,1662462806
115,24,1.5485939526109727,1071279027
7,99,3.32279633821714,1928891018
3,26,3.0220350415594557,1509198529
111,37,1.5763151440527983,1945212601
151,85,3.4959939421159296,1277626073
107,54,2.0945616714430866,1494226595
18,21,2.95133727417605,1071414944
38,74,1.3290892971082475,1432898990
115,38,2.838336228854492,1148607500
15,46,2.2258538721712813,1862711591
192,4,4.289524844741417,1073913944
119,60,1.2279149079894731,1151207747
28,57,2.6744290996733198,1421686313
39,45,2.833725696525752,1561654674
185,20,3.900024305196475,1795318481
17,17,3.297150300360844,1883258084
86,71,3.668849348776724,1171987805
126,4,4.1081971426070245,1996506898
44,93,4.448811894632755,1865280953
25,14,2.255501986889882,1033400086
145,3,3.152090821455612,1065320186
13,88,4.3604323137567995,1137088309
25,80,4.957804523860226,1729110223
68,58,4.5580772441750526,1292227904
138,55,2.485869050497507,1410773643
67,4,1.7806660688746017,1750080791
109,24,2.957570149626355,1726434337
146,34,3.966565807344169,1241481524
111,30,2.9702762830131904,1486618104
111,82,2.932723453254674,1738358801
34,19,4.352921684327202,1699224120
111,31,2.4456151162687454,1203257967
8,60,4.4391786992465825,1474005508
168,60,2.627219203806894,1706948505
113,19,2.3129324227133576,1199316893
83,49,2.815959644798796,1274361525
42,63,4.049787834699474,1289432914
169,83,1.5040081114559771,1400615196
101,22,1.7856768634880695,1946263298
6,24,4.805779302652368,1438294617
180,76,1.7019665095254295,1065735271
26,30,3.2709092717242183,1254339962
64,58,3.3172578666477515,1439663289
187,31,2.958497848200979,1063317241
184,64,3.5789809943072743,1007605502
59,19,1.9193069031904737,1427691595
109,48,3.210649071106993,1671017857
198,45,2.4886930209875886,1068840394
121,94,3.646669038516756,1917770907
33,55,1.5648941734925979,1140991057
181,55,3.283509667357905,1545401420
150,97,1.7410814215332948,1475314660
21,18,2.1145722524601456,1443296725
198,63,1.874839201294333,1837168075
70,92,1.7313511194752684,1342373633
112,47,4.302843806242668,1045316734
4,75,2.1428302706435614,1786469860
94,57,4.708495127457797,1618862470
75,45,4.879706101380764,1784118041
190,33,3.2850418797483893,1433585113
62,17,1.5720044906629056,1324979799
94,70,2.498192973518325,1411710667
95,4,4.190929053392856,1541661199
152,20,2.469562914788282,1151248022
55,47,1.348068873211155,1350991271
137,91,3.2271396437127517,1070210747
131,15,4.380483405984139,1223502664
31,70,4.183705548574009,1671803935
40,47,1.700492560521413,1689744654
36,78,3.691058457649867,1557648868
152,75,1.8820170537425884,1160376204
6,9,1.872830138208689,1638588420
66,90,4.49628709322074,1824442314
75,16,1.9986758109609206,1641019209
4,69,2.0529893860720447,1941604659
79,61,1.0026135630451982,1530451276
134,10,4.482676136502071,1092558504
118,50,4.170379252836539,1563877556
113,3,3.509315740362712,1284391789
94,77,4.001063055755369,1256373937
179,94,1.6081942696979672,1407896718
62,70,2.8332943783503017,1866702697
185,81,2.4048775493951235,1972047095
194,51,1.375106105028066,1682154622
79,19,2.9445219408596963,1729089798
136,42,4.682958601370542,1044667943
26,35,1.160236476202778,1654437275
179,46,2.1658436539751755,1757625247
173,26,1.8301637448228139,1206187874
44,69,1.9525866146627853,1218898686
133,93,4.633738207517501,1538924174
70,64,2.8722762169371605,1790466287
154,37,2.865197651759275,1665108195
118,84,4.042302569821129,1027707220
68,49,1.6179688160197032,1528280261
19,21,2.949061416400203,1962751040
20,74,2.719940856484239,1897807235
113,64,3.3876427621866245,1969758730
140,5,4.998230813001754,1840932971
47,70,4.077795576328189,1500887577
1,90,2.5914628120697087,1834120636
90,4,4.310212209096187,1173232548
142,39,1.6828334532499207,1327148764
64,35,1.1218547452358405,1860182356
38,1,1.8177934898570922,1938695151
37,24,2.3616462244570386,1010867948
126,57,3.0423230298382395,1635476204
139,70,3.4605165621647993,1828195824
100,41,4.642422868857687,1417768934
77,54,3.0394160382018307,1898066343
3,46,3.0051025785029175,1884787660
161,60,1.2009720392919285,1559862422
134,60,1.1396462106248952,1867994234
178,57,3.2046398476654883,1874175631
10,31,2.752714452993378,1394560477
5,84,4.356721579921194,1081866940
151,24,1.6427183388473807,1753791043
138,89,1.0998866484681984,1380572263
172,36,2.7961550717205035,1280959311
130,85,1.94991422700903,1251558558
13,30,1.1984574933553498,1090233652
168,24,3.898393147390516,1291648361
130,30,1.44637199982899,1147881368
84,86,3.4332780000310867,1037697835
65,92,2.1241990006675566,1841064331
63,7,1.693984201420088,1567506521
101,35,2.51900609167727,1286282084
73,55,4.205783104891815,1222519551
17,92,2.5683743076182908,1580846575
9,14,4.003078596844222,1160618848
143,10,1.5019451871966027,1372401883
152,80,4.091085678660317,1023043592
38,16,1.9477332996265946,1164768267
163,54,3.709572519555491,1657264452
94,95,3.2631262193639854,1701066165
95,89,4.716578868846749,1577915635
49,77,2.549290071901256,1592588469
69,70,1.2646607553377618,1520491291
62,44,1.0766219422050116,1341732663
188,73,4.307434243891013,1518602850
178,45,3.0989425506457287,1574218436
78,56,4.100976207339797,1974809569
117,84,1.9377024000460588,1796263277
120,82,2.380334982052935,1802864353
137,57,1.1204154888452758,1006113100
162,21,4.845969298296449,1838695526
76,68,3.6714716268032537,1821774953
35,50,4.732820351037224,1758565231
1,33,2.0619856297162893,1270852665
40,91,3.4458544449026434,1487066189
64,7,3.7139998731705512,1426187850
150,70,2.2701988010303538,1808231977
60,15,4.39243694006252,1767271333
64,82,4.788645851600991,1109808451
93,32,4.539420470784018,1551912628
72,75,3.95626790375749,1352928288
11,20,2.109858718899816,1924086342
105,88,2.126464168422527,1862465591
14,15,4.853441281784152,1547470440
60,48,1.0411379837427681,1065782983
30,71,3.864199892968578,1745884772
35,21,3.8249846502210487,1770532095
165,42,3.49075816379919,1879619657
5,26,4.960435384347463,1139376298
83,14,2.247517743054901,1206150008
123,57,2.3598874551729927,1259017102
78,37,1.3157576117862222,1273995524
154,58,2.77119254617495,1640491740
62,21,2.0441941049393924,1589368914
132,82,2.373546808710577,1140726578
89,69,4.33828716102251,1873974281
42,3,4.741938054109983,1234034571
89,87,1.7429322880207425,1878552053
146,90,2.4900357262138635,1723794782
40,37,4.714522248461576,1613224337
72,88,1.2472338427568905,1201831247
39,49,1.369442112445514,1934911975
104,19,1.6511639568249175,1381448995
14,89,3.380851336507499,1973315352
32,85,1.6018890840239899,1666357974
179,12,4.872305525802934,1546327499
125,61,2.7868581090340814,1222651811
166,41,3.0060718414006655,1553504868
97,33,1.986634463221626,1792554434
23,50,2.883841009738934,1602930696
63,68,3.647654530548046,1513393212
143,71,4.004708547816171,1431662388
153,86,4.015472330839652,1775918225
145,33,3.3115644507763533,1849055650
194,81,4.617439099975429,1182851069
53,24,4.269631389224438,1939617342
104,61,4.028192458794502,1659650168
104,61,1.2224220867218425,1327364598
179,98,1.0275118488785973,1103031009
39,28,1.8497891087818918,1026595432
179,58,3.654094375653809,1399673293
198,43,2.6447899555301833,1617423619
134,41,2.609625037197247,1464764328
67,39,4.538347552918455,1572710142
135,86,4.582251392527355,1835686828
179,49,4.636701056214343,1179072027
42,17,2.255512306060109,1980675241
192,98,3.764223250957047,1748653903
15,70,2.0865327250974786,1251075147
111,70,1.7624393322977991,1989503091
157,98,1.7385298293894769,1214445124
33,65,2.368430483454376,1168551265
155,74,2.719830479119287,1963398377
164,85,4.323796684220273,1512622080
157,5,1.4795643738908484,1721640614
38,2,3.9397033895795768,1703269727
185,22,3.1258196567572214,1450100953
97,57,2.15178137070397,1507830032
155,66,2.9712783381312984,1644172143
183,74,2.1997682791080906,1875938042
33,98,3.384327820953224,1246496090
196,16,2.735375691420977,1496374615
86,51,1.657622116315515,1357801890
66,39,1.4663322982227869,1331640493
10,86,3.1867827282885206,1577000617
5,76,4.609652133144413,1747486965
123,88,2.375830746230742,1651730854
74,40,3.932000428890493,1071556185
97,38,3.634645419759068,1420082224
118,60,4.726219657237924,1382014909
38,59,4.283924069196564,1707549477
141,10,3.266421035621852,1196109206
159,99,3.6281219929364292,1727286933
47,64,4.5935458663361395,1332786819
109,63,2.598075138347739,1863707568
180,49,2.3071788234311095,1138786874
184,64,1.0432443345407854,1690336712
15,32,4.306204296765857,1366347075
157,7,4.2039228016134595,1019916998
136,21,1.4178180724006055,1027543766
5,20,3.307429524530801,1031581057
157,26,2.8559267926675496,1790179376
47,68,1.4748363820364458,1823431639
68,86,4.922272908242894,1562892519
76,15,1.8587835498534218,1692961526
173,85,1.2689367203622446,1203557245
130,79,3.3793895180076383,1164930526
155,86,3.9554667085321307,1034139374
95,92,1.1297737841887479,1507880350
115,14,3.6348705549080886,1001420654
164,27,3.1291675038058178,1983684263
36,40,1.4130600355001937,1260770351
26,58,1.6900955077854483,1733307954
43,28,3.271897189264322,1062232362
27,26,2.1854304540531535,1008355425
69,63,4.753262914605264,1458854326
148,66,4.274960917936204,1686894807
11,25,4.934268826054652,1931484336
74,3,2.038683355801656,1933132667
104,72,4.878894531191908,1471243225
38,44,2.7249354791662315,1352488527
134,97,2.3900751812550185,1155286200
23,42,1.201398107877413,1205319534
47,99,1.2110610314384105,1933565900
90,6,3.7680450237866188,1491199374
46,39,2.8317159777361116,1831348250
107,52,1.9060865041444228,1888577475
140,23,3.4558812253009306,1811220431
141,89,2.0114324730004447,1966833087
104,50,3.3105270173776904,1193040861
190,43,2.4368349879307614,1584334315
111,19,4.294208906447276,1968358813
104,69,4.282784643067117,1930745763
60,51,2.9094015924896053,1029754050
171,11,2.4032764373400624,1846822613
100,12,2.450239186236378,1812268912
68,74,4.2228581026728715,1357440341
133,8,2.312717931190448,1488084593
120,24,1.836237494827384,1485157880
37,92,1.3387533675012273,1990247414
72,41,2.8667724835376336,1759600763
127,36,2.9285283956793675,1295295792
106,85,4.363634841611629,1477389387
92,72,1.884954785784256,1213534006
31,55,2.5239650946735996,1130635220
122,9,4.233622955574764,1717965111
137,47,4.2944944429958944,1974428867
51,15,2.538444303915073,1548679518
29,48,2.8364960931467236,1532634667
40,82,2.2131435633971317,1876150174
41,42,4.730219513677248,1947953337
11,60,1.4745750629663212,1328413014
151,84,4.73499769200588,1680529141
1,70,3.735465807341373,1247771060
46,12,3.1262886107469248,1267168851
101,2,1.1306362431379835,1234549454
149,7,2.902384767288033,1312256662
90,80,2.630992420010929,1952818331
110,3,1.6448752479004902,1263633423
164,3,3.6256384140026277,1054182052
182,27,4.884603629473143,1651533204
57,40,3.2487552442581005,1175564750
1,33,3.8590131057757833,1011811984
63,92,1.2738018102640671,1942345201
182,1,2.670667983267979,1384198692
55,8,1.4654339406579835,1463245644
115,32,3.4511833421460416,1647823762
168,48,4.753928632856619,1235807133
143,4,3.647110929886554,1494198828
149,94,1.3072121932576861,1827538833
175,70,2.4186648199403313,1754505933
53,19,3.202653517763406,1554356797
137,32,2.612831024533009,1056650147
180,9,4.334576041900689,1205554531
57,12,4.258684018839957,1925054419
117,11,3.4473240804128857,1129055539
154,46,2.493831780530821,1958898194
169,16,2.0213454950529766,1951877996
35,1,1.4234972728525173,1865033515
63,63,2.419590733946216,1977026054
25,21,2.652690068830878,1040988408
90,30,3.7032917004162944,1713759147
75,13,3.632639297190294,1323417204
38,34,1.2804325585650278,1355320387
130,4,2.581037261724631,1540532218
135,28,1.7271154688694477,1815718945
162,95,1.6272508212672228,1302986945
91,59,4.309208598948984,1399546692
17,27,1.1676608668650301,1030674998
128,69,2.6767315036084853,1887901151
171,25,1.6728146230660728,1340292904
187,3,4.5173208627138965,1769503180
108,97,3.2281620531001405,1225407206
179,68,1.925522545507392,1606192068
182,25,3.0097091486655057,1860008313
152,20,3.9259454388124633,1903469449
25,34,4.8324720356777355,1020395529
199,26,1.8817840169816757,1900531557
180,5,4.54472708851738,1437592026
198,99,4.737216456669961,1883111039
88,61,4.6656821781282645,1215501490
161,92,3.5416574274476393,1092560788
177,93,3.5192826177388308,1415299975
29,9,2.612842532735291,1535356608
63,50,4.009591529215152,1946854491
150,6,3.1251760734037277,1908018544
154,83,3.709752284913178,1136687334
156,60,2.713831615395182,1583732301
114,44,3.9259858561725562,1791568468
49,11,4.297886070418196,1068154397
199,66,1.5857450264112645,1169058004
81,47,4.331718862296912,1340217904
84,73,3.161186127161229,1093830920
105,85,4.378663636360898,1202114192
177,88,2.7252068253640584,1105164868
148,98,2.51616194153214,1083528761
118,86,4.66024293006889,1577387192
86,3,2.004677070193605,1810864189
63,76,4.376849301144572,1935102942
189,92,2.9360822900376164,1706128691
104,30,3.056381770205039,1454823356
49,90,2.233873125957936,1798117159
71,21,3.2921688024760627,1766015141
1,28,2.3008447851048452,1889314474
141,90,1.1570776569666092,1116422206
179,62,2.087994421377424,1172894354
123,33,1.0255161736263627,1143887843
184,85,4.913419148227426,1266009905
62,35,4.86298883927899,1045153952
32,52,2.58062118988922,1480755340
158,34,3.913483417358584,1051066701
29,41,2.3832243936417,1470324215
49,51,3.684372628343904,1615488096
173,47,4.221720172183916,1293913021
30,82,4.787024978768963,1785291484
144,58,2.600849103398688,1180358698
168,75,4.133191931824191,1152653744
19,57,2.063713802528475,1974886265
18,23,4.961329215174594,1003751531
1,48,1.1030783950574046,1597896457
78,22,3.414115226004484,1041474142
115,17,3.6380239266053085,1590233861
175,69,3.7521822282965154,1682321720
194,11,1.481550315156356,1618189696
113,94,4.754119133892521,1151139398
114,15,1.7247331162003312,1368578489
166,91,3.4910136129593643,1494220820
179,35,1.8907043164923398,1839114843
63,33,2.2288656680850836,1759812222
132,84,3.1858341669124974,1245829711
129,16,2.668773674258306,1910784311
8,34,1.6409024039060252,1777383149
157,66,1.6837456096833932,1038478806
55,99,2.6725791526511986,1216927603
103,40,4.0291319131020025,1871125907
131,28,4.591858587391155,1203172325
32,47,1.3365106490375314,1123241141
10,39,2.5724156302376042,1603189272
110,70,1.4009822548915065,1897097883
162,73,1.0663699225303915,1054636036
124,20,3.6468747305758265,1613382775
87,1,3.409797767866351,1954550036
55,72,1.6520764552595448,1342865425
32,87,1.9352513323722564,1319240110
178,63,1.0948310145780735,1139802309
135,67,4.339788822777615,1868201528
93,4,4.898762384194206,1124589660
8,58,1.5418381471787632,1316305426
65,25,1.9259008550611925,1665585023
57,47,4.473638095787736,1897654624
67,38,4.705855191824739,1376355052
187,15,2.6785095312272413,1236078466
72,63,1.2024898890762965,1303189417
54,21,1.1575673347712776,1337334548
67,99,3.2957994642760418,1611032290
51,57,2.571580435572716,1354644712
97,53,1.114609710310618,1848478759
92,46,3.333009569250227,1663661890
8,14,1.0452101463560899,1987849880
162,76,4.149487832597092,1814166654
35,17,2.2257312908134863,1462803180
96,39,1.1610320120369284,1044925925
88,9,3.3534088839326133,1274452460
78,99,2.5907376577322188,1037763126
32,77,4.8952016534285985,1319264723
120,79,3.1767946500148088,1285431219
46,82,2.100956724148033,1495479467
144,97,3.837755458535899,1373520492
196,6,2.0859680101708453,1514027361
165,91,4.61697316563026,1228577236
182,23,2.4988878820295057,1954455223
142,59,3.199474251104821,1930111414
55,91,1.2022924152969154,1914322799
176,98,2.704484951808923,1836261846
7,46,4.32945415864398,1613790917
74,38,4.222595221453368,1364549490
7,14,1.897274235414105,1037413236
161,72,1.9043162840422507,1304315340
151,62,4.269221248852947,1417437168
85,35,4.721593680677302,1685456982
147,19,1.3814436850920142,1189761736
112,30,2.800234557704901,1026559312
125,78,2.349817115856916,1537799164
147,84,4.482753821829757,1260633921
36,25,1.334099658720075,1805906706
29,40,1.8445037702321496,1851990738
188,88,4.009873350345977,1771826167
82,14,1.2051753959248623,1392241030
2,26,2.970141522857157,1301427829
129,87,2.76842813871888,1693412542
47,22,2.3376047159549946,1473288233
197,48,2.578289261275695,1905148457
148,83,3.1197623477209317,1826229050
11,51,1.6454694335535325,1161233683
130,3,3.287983513134371,1164071752
195,42,4.221729317199945,1060974096
119,19,4.040643719160636,1103256346
140,73,1.6155996187750947,1032779182
20,28,1.5969978789658956,1146628865
5,84,2.0726974709796533,1858751550
37,45,2.444298905364149,1808907325
166,71,2.6338223256339304,1828537443
137,78,3.718788867333381,1915438404
53,63,1.2267217286633416,1503272913
172,73,1.1386908169042655,1161109364
99,19,2.567642251775636,1884089589
86,47,3.788654768551922,1164154106
108,14,1.7737413718259303,1143123536
24,38,3.566017925025007,1569579046
81,53,2.039312551761198,1668491299
158,61,4.544344435254065,1416520615
120,36,4.582759777066466,1726544812
59,40,2.189148817125306,1239259011
128,81,1.919975015852962,1976918501
114,30,2.645215888264925,1555011992
115,9,1.9621263407205949,1443743940
14,64,3.6895353731668146,1247996061
9,33,4.304258738193142,1408074435
40,52,3.692368523644868,1443435735
194,89,4.297401788997398,1253618460
25,14,2.5879686488298965,1976078792
103,75,1.6252678828354434,1093046979
22,53,3.9518037895903686,1188064050
4,99,2.4418980205662155,1445630103
154,59,3.68508330091653,1837390349
186,78,2.0825757679270627,1195086148
29,94,1.3249185392266907,1065141905
109,41,4.9703271819510535,1388949929
98,68,1.6248060317223971,1721568466
37,68,4.953683975853924,1478208779
75,92,4.90911973026579,1572634321
70,8,4.175272415632159,1519578128
146,2,3.6376918483279903,1437424925
128,86,3.311228201004339,1095142231
85,41,4.464406181511339,1288583370
42,55,2.1577580864779518,1732130914
100,16,2.870724849939508,1058676502
41,93,3.4775598774660077,1577741008
166,62,2.6447619034779644,1625889920
34,48,2.709945816361072,1416435534
17,30,2.3211386700083376,1124314911
165,12,3.256927266738144,1780855547
153,35,4.402298112060464,1136493326
122,11,1.8061135120252514,1139110299
76,64,4.737732155013766,1368694971
87,50,3.7563506149929187,1189040636
117,85,4.293092850720121,1059556258
106,21,3.2247627705200466,1328517333
86,69,4.1180668056962535,1200338202
27,48,1.0648015893578688,1395435218
57,20,4.273521699118141,1377877868
31,67,1.160555436341466,1257606731
134,44,4.55965350545145,1882572947
168,33,4.967850988954574,1805325524
98,73,2.1762698487071113,1963717552
12,61,1.8412742251431746,1002570348
53,9,4.061453455432163,1019339904
199,68,2.012105363681013,1046597166
138,35,4.462249532688814,1616520058
173,81,1.4113703686299068,1039028538
145,98,1.503820785517433,1796324959
154,88,4.916606220402462,1636933053
190,96,3.6953555930800186,1781955174
122,65,4.387548897715812,1047647611
46,8,2.297317509406072,1055245653
64,45,3.7059349980824177,1839742609
130,87,3.376967309234389,1407152495
54,47,3.412600480491788,1931872685
107,40,3.7301298381508863,1341901215
193,76,3.3014366925163943,1305798170
51,54,2.716249477210664,1888870619
181,76,2.1036907775221874,1487184913
36,46,4.074325323652808,1662913018
115,47,1.9050897200127448,1598934182
26,15,3.7694172246176567,1526219184
29,19,1.9333312905973066,1297239516
149,26,3.5013206798178156,1506718635
11,52,3.9883130685161157,1859465287
40,93,1.8748555556261568,1356936501
11,22,1.2397732034452331,1755172830
164,21,1.5238949719766963,1936363773
113,51,3.423987869084102,1687166625
187,38,4.397785624902943,1524173126
39,20,1.1799872849416975,1596005795
54,29,3.936605036166585,1397067665
98,51,2.3652745838002085,1564411899
55,4,2.91411347967809,1892924965
111,55,4.7154381993822625,1053622714
152,71,2.327886018943382,1620534270
150,92,2.861347735757944,1348817800
69,28,1.0547296590427244,1502769658
56,4,1.3263948800193535,1937024200
33,22,2.034366364539136,1534387911
36,76,1.1114089632842976,1930866430
148,45,3.525501304193004,1427766962
81,67,2.70559342720649,1893946402
190,86,3.192580810912088,1216257105
109,66,1.6985887435853182,1059938189
154,88,2.1837281177464645,1421129947
194,34,3.6552978994109004,1816572573
73,91,4.8612108945216,1625157123
40,55,1.2016670944088368,1375593126
17,1,4.561537283421064,1930385363
129,72,3.307524805244834,1313488319
61,87,3.255678267022495,1830814616
171,38,3.0011141408310413,1597052827
104,6,1.2775763436167336,1304929995
42,86,1.3595074069446427,1689916097
25,25,3.4036480226363444,1112072938
39,82,2.363834285742233,1743131853
35,17,4.669072266310723,1806462613
131,61,2.626362149437889,1072035486
108,12,1.5731258348105643,1100822294
172,6,3.858875334008144,1513381167
179,90,2.1734136857640394,1989213564
102,27,3.1018812294235727,1221866661
98,8,3.79133114202068,1457035062
12,83,4.601056444808282,1211718211
19,65,4.168764779206704,1308174286
101,57,3.7054442714908964,1585351255
44,93,3.7185327295805743,1596867288
187,99,4.783698576128346,1444413952
49,40,2.183296389986144,1281892536
189,14,1.0044483767847496,1205788510
17,35,2.0878182375927947,1852638313
74,48,1.871565518506976,1303798404
57,84,3.6473383404559927,1906925675
55,56,3.534846399062116,1825741489
47,49,3.3738455308188953,1029190953
12,13,1.0649737728378148,1255419749
62,61,3.91511221780259,1059513211
80,49,2.294121649941966,1965956491
83,46,3.6602239560265244,1060481382
8,62,3.2263137140086133,1691976849
149,8,2.3709237017116287,1126122433
81,43,1.538305068416431,1836285001
118,20,1.3776755906419238,1096623054
198,97,4.326073332448894,1328758237
25,90,4.673590168326232,1605697131
89,39,3.5991521870571983,1156043280
12,85,1.4137364594419335,1666184006
143,49,2.608108867552963,1778600765
59,64,3.915756800420629,1011631400
154,62,4.119283536040273,1927647198
109,54,1.4728744891643544,1429266930
26,9,1.0001228753815297,1460954875
47,88,3.84854818352242,1562169850
32,37,2.4263847039448225,1380441078
10,49,2.017925326473041,1759660662
16,41,1.0515898791581018,1033357473
199,17,3.1611976270459987,1275284677
145,88,4.404602941703927,1412929509
151,21,4.830526585090352,1121408690
26,51,3.262979802453157,1906108797
86,59,3.0578453109595767,1624566689
135,39,1.3402255419569644,1393513515
14,55,3.195491206170399,1803974926
79,41,2.5199163158615785,1130368589
117,39,3.4285411235343077,1278286661
7,13,2.554905391506187,1402923185
137,64,1.961196493801467,1718941540
115,11,1.379861100913506,1903356401
176,19,2.259673778355583,1256275871
72,11,1.3865793371510091,1934533058
59,77,1.7075878032959357,1806705666
82,46,4.949344634318184,1574572757
116,45,2.7764142276264745,1760831829
167,1,3.127487066020066,1873197641
146,40,4.494474114948861,1511192626
187,19,4.982275601962751,1312096322
103,76,3.330857797378726,1296043004
17,72,4.249895284176686,1855099723
14,72,2.307764097346701,1420143791
159,61,2.2229758297891644,1945279632
152,12,2.610814883978241,1516404742
108,61,3.6900290506945965,1017114380
188,33,3.728766757020395,1192419191
45,45,2.2609577385978032,1548433729
98,90,1.5328396965465148,1539634691
131,92,3.5295850258620343,1384683145
37,69,1.513303448755058,1170630374
171,8,3.3139700329173203,1924981847
168,25,3.773688512225236,1090805299
183,91,3.8024459855778066,1917159557
108,46,4.013888442638387,1044359378
39,87,4.491437686262659,1692109636
15,30,2.9998359678591537,1955249631
120,47,3.9209967581182847,1876308425
4,87,3.476690941463347,1031747976
93,49,1.7465597591907303,1933953242
153,47,1.1027585794776327,1039236300
141,84,2.138165542707735,1501131986
161,82,2.7721348253504776,1598372628
16,18,3.468423777714625,1605235735
170,66,4.3998373220128215,1499191269
108,68,1.7849828668246626,1972623363
126,94,1.5021991595939084,1522207383
194,33,4.85391978989731,1879035322
55,36,1.4321782375056284,1723039714
170,82,2.9139642804287567,1215339266
34,19,3.3422549151732075,1834922819
158,28,3.165497683629753,1228848484
13,40,1.3441286281317728,1292218023
141,84,1.2281076560144775,1930316975
18,97,1.4219337098441427,1287351093
160,76,3.34235073549045,1466696994
96,15,3.1773795505372844,1072132062
123,41,1.934963168146977,1076418103
39,39,3.5510965673823662,1025451115
46,2,4.2802700082225975,1782676440
29,63,1.166315839386375,1119090471
190,29,2.9925197741921696,1392935884
62,74,3.757241648410761,1465243459
185,66,2.0092477082787483,1407438157
16,51,2.2310836211725964,1054101132
184,75,3.4545516119575352,1471052954
121,77,4.591741173774947,1620558597
10,10,4.239697681211597,1804165392
158,14,3.332520876398334,1785397155
153,82,3.920886871028997,1269870823
103,51,2.4592898808311947,1998167792
84,73,3.563862112395031,1261587298
133,39,2.864726364510228,1582534992
65,28,1.7597445458302436,1865716200
177,3,3.8069530955090287,1042209016
3,84,3.225858549395288,1119045708
173,70,2.4344863278143656,1683684019
142,27,4.645356760314523,1969973825
120,2,1.083736471306933,1340931379
158,93,2.263092604997984,1756020571
68,38,1.2275255911105862,1830550186
146,3,4.066109264886508,1499216378
190,16,3.8084298164551704,1069773785
37,94,2.325408874945268,1834013717
153,40,3.702651608828292,1232334702
176,2,2.5837489047837994,1588637290
193,81,4.025015165689737,1264686006
181,41,2.8167346509468243,1481944386
73,12,2.649118911326662,1188621026
143,35,4.738919661953204,1283864507
49,65,2.003516399562801,1843215289
121,55,1.4817893599862617,1975037143
88,45,3.3381724530378327,1686093892
196,79,4.877287249136716,1828586067
140,90,2.5113568549087466,1437186150
187,85,1.248147054515126,1225805324
37,62,2.35722106923827,1967059240
61,49,3.0237266172782338,1448460600
171,95,1.6476920265288548,1697150132
124,25,3.632408872225968,1296280556
198,23,4.990997556040803,1471080203
39,24,2.8069579039257753,1135202316
184,38,2.4189142269208506,1709092471
63,28,2.6028166673378665,1893195209
46,21,1.4605847135808046,1671570272
88,54,4.533094405704896,1630455352
11,18,2.659302622085408,1007723047
62,36,2.5490976456993653,1778293109
77,99,3.6387610917218973,1293211471
153,45,2.768133683724494,1297632383
199,73,3.592933875231384,1105939116
52,53,1.24578516052315,1008918562
4,30,4.25489337488891,1963940610
59,60,4.76201581151761,1045993847
72,98,3.595061544637544,1359817732
148,32,4.8182637154352435,1078510809
93,67,1.6057292574798532,1340648458
63,67,2.9096647579214148,1954410877
54,28,3.407226935781789,1597003078
117,44,3.3269465896847468,1747997300
110,79,2.605847116356173,1297662647
74,41,2.3523376374650455,1201353097
107,63,1.5072960902016752,1565743465
57,23,2.5669698022491128,1921097331
169,75,1.6506432604219405,1080521377
3,48,3.9374627059688736,1835919426
120,32,1.83532374197836,1219754183
6,57,1.2342612211381354,1116312606
5,33,3.2094645512689373,1855850220
5,24,3.3809189308776064,1199479276
54,39,4.487652245122022,1258708545
47,34,3.3079264496707275,1771589189
177,56,2.381923414893783,1780668712
9,28,4.212047526105282,1535210430
99,37,3.1611155727496842,1017750431
20,7,1.317121138524767,1654879251
122,68,3.2634022412529866,1312715704
61,37,4.632074181686649,1226429665
123,56,2.585250501992882,1034822065
163,65,2.1853032075992003,1842545615
178,65,1.5738778280720802,1919060376
82,47,1.6057820877414293,1231840139
62,20,2.7310859373672756,1572451526
145,19,3.382719296646118,1205964838
3,29,1.322461620678407,1763412112
160,74,4.758274356100663,1880793132
13,60,4.020534469780784,1505526666
120,18,3.3464956731346507,1702458181
125,92,4.313754683755963,1891723644
89,35,1.3207470272484532,1232460182
73,43,2.9073555109324976,1456184922
68,95,3.5203725074466536,1520147693
142,91,4.314611624473157,1111141957
101,11,4.13387824019707,1222479525
98,49,2.1082769988535985,1248924801
11,38,4.763520678236818,1643141631
105,64,1.4973833657234814,1076298453
184,69,4.500534474484608,1551503699
67,8,4.883760998418474,1489479768
123,34,1.7086140928905023,1810241358
29,48,3.888264256815141,1618079995
137,56,1.1611420751119939,1166459760
195,76,2.62169130055662,1362172252
153,65,3.065133196790696,1332230308
76,31,3.3225809036385363,1063463472
170,4,4.743748992994238,1628814899
9,50,3.6890027491767787,1066819360
40,69,2.925111804876948,1894914325
25,30,4.238700145063557,1243840625
5,88,4.802131283817635,1123297006
139,59,1.0882645947291634,1007760004
187,67,4.930085089024155,1147647462
124,75,1.3445285562547213,1316738321
38,45,4.257547117075045,1596841637
72,4,2.12133901020565,1366224757
133,26,1.528718631015487,1349813108
176,27,2.7594225588553396,1499005220
90,46,3.575826317790454,1794631645
146,64,2.5238073800939,1183202270
198,91,1.2182616331307958,1199877439
37,51,3.3978445586348665,1195111561
60,50,4.609613104442699,1064910926
176,6,2.532861463789007,1573018793
28,59,1.8653311105233081,1781729402
197,15,2.7703093837312616,1823102127
81,30,1.1934508441951235,1193323089
114,42,4.281950337921099,1946298966
40,37,4.3053632438007465,1701602016
45,42,3.3520018537185137,1443312143
62,35,2.412411555753558,1448021301
93,87,4.199133457783134,1365223269
115,6,3.2187480991534687,1624984226
186,68,4.303729234200064,1546008731
67,18,3.5258351703320825,1103922177
56,73,4.13762189285119,1121071965
40,29,3.39425197287104,1716982156
98,77,2.656564272862665,1933128872
40,59,4.83178343970455,1073633231
91,47,3.164455299515379,1458323770
33,17,3.4203580741621535,1690050884
6,96,1.881950557658997,1642338166
147,22,3.502603157709106,1797455451
80,68,3.2864305979317754,1506804404
168,69,1.7393535917880998,1554420966
92,37,1.2383483894125749,1335805740
97,49,3.4174372788590843,1541400855
59,13,4.054769077401282,1614628540
59,34,3.093605483688033,1323319642
48,86,1.9070905012785828,1282365789
169,53,3.6660879067721397,1482741561
13,87,1.320422906438409,1521918956
107,51,2.7673348192078184,1211780506
45,3,1.6534670335936807,1944299929
89,42,1.7378362042395334,1032123007
181,98,1.8091757966328146,1836828678
170,32,2.5468282281759116,1582661545
100,51,1.2046008224815905,1641721902
191,85,2.5911737637163927,1043156020
155,46,3.0468297884588034,1573525178
166,21,2.933177139865301,1580069925
188,44,2.5311364016121622,1587106756
7,11,4.3565864322830095,1828854742
133,68,1.5813067696820164,1305554395
45,1,3.022786975125496,1474061537
58,92,1.2481656678262172,1942706228
31,63,1.284622715511639,1364959630
23,24,3.2954633987083852,1875856095
170,99,3.264073699551284,1903452825
138,13,4.512134051377828,1030063151
160,98,3.2314947026402927,1483197278
107,11,4.839164081619401,1309976210
181,51,1.194779393599719,1783179327
158,17,1.3920307391229643,1107798876
39,99,1.1762634462815256,1464744629
159,82,1.74110740133416,1597463676
82,86,3.1650804437667124,1732726265
100,24,3.582288725709712,1390678706
2,19,1.1823406317946752,1802118694
77,37,4.783883559382398,1919124861
12,85,4.368661506601525,1058203138
39,8,2.1864499286283725,1167916535
194,28,1.3087501209058718,1125114431
13,5,1.679548292876229,1441921564
46,17,1.5077776550198907,1775981427
155,36,1.4931351171957874,1662371850
113,19,3.0742467546629357,1105846880
17,64,1.9833897699736012,1844772793
104,91,2.432558866116578,1321950922
98,98,4.95802133353729,1967769498
188,11,3.737256995701379,1957819872
192,54,4.795922668188005,1370993172
88,45,1.5702262201324624,1678157862
109,47,2.528557899330277,1963959518
163,12,3.218927213129417,1419972197
70,21,1.307032247554952,1968952877
158,11,1.0167497745118315,1092966977
199,92,3.68173733518767,1280361562
74,5,3.5672780672057414,1394181795
63,81,2.643155239998447,1308547530
156,56,2.9585763041281306,1777188462
60,20,2.6617720023683584,1628396369
79,41,1.0960201793795554,1555444346
37,46,2.3414864248698497,1632829632
22,12,1.7083290215891593,1061104574
196,70,1.393696756405475,1551258722
148,17,4.826881735557399,1168324386
96,19,3.3974389001686625,1645048990
68,26,3.9146251369464107,1021876123
192,48,2.26145497306447,1998505062
17,52,2.572588517976061,1076778368
12,96,1.947695975586894,1695005464
150,70,1.387862683861699,1007707690
145,55,1.7161265497663352,1812309989
138,75,4.190056181185943,1379527763
118,33,3.7101832207351033,1171575234
193,62,3.1877155039419076,1913386174
22,88,2.9003594914670723,1482296882
120,23,4.689737134624497,1416690049
50,15,1.2909397911146736,1328093905
14,27,2.122403252951664,1275902589
192,75,2.399751414282856,1865432043
175,64,4.129703248851151,1398126588
29,81,4.970058480647886,1899124159
164,51,1.9626820590286123,1322274249
180,53,4.4972293365483225,1236659268
125,78,4.322491041727165,1465275656
7,91,1.8986295905670665,1759757057
29,82,2.5973303207968903,1917499809
139,92,2.6386914771700765,1940704955
33,51,4.912882674106234,1147194085
134,47,1.7235676055155933,1766890172
111,4,4.196631884419128,1845594014
79,7,2.3367708566924397,1605960201
160,35,3.9234813831046416,1108104817
179,48,2.6800440171826514,1264797259
58,73,3.31343905246616,1635484835
26,72,4.3304470933045245,1108741109
174,45,4.216662259935537,1779446356
29,81,4.4656927341588,1283705392
4,81,1.238469301378636,1378949102
99,97,3.7682022121589793,1955923269
141,96,1.5599495068870515,1703843311
39,72,2.663274272073644,1472703664
15,19,3.194353660218754,1992330114
119,63,2.610957938987323,1978682825
29,38,3.07844670321203,1694971780
157,67,4.986105235194477,1452191213
75,59,1.540869254851419,1287291609
116,69,3.7018241813457022,1783881916
32,13,2.584003865542461,1696781804
130,47,1.5320391956293151,1856993113
175,61,1.6349470534972381,1924802277
84,31,4.797092424982468,1244517118
22,80,4.518405986847048,1077924587
27,96,4.628167841660087,1245218329
195,22,4.9661311033095465,1282043975
81,93,1.8332615600340718,1399654148
126,86,2.421757349456247,1537949949
184,43,3.676876119699467,1716984590
92,67,2.935210159442589,1667910266
21,54,2.673558133513334,1440359567
47,10,2.431244997342372,1170927360
101,42,3.375122527773809,1051187343
187,64,3.302373714560328,1419542436
84,21,1.6458313362569603,1599974146
6,80,2.8869593500737563,1514089907
147,76,3.2138871048393995,1926578734
185,66,3.281147754925562,1604869470
197,41,1.8404287716494072,1956891660
131,24,3.969085569009147,1854860663
1,35,1.1007963792842785,1898952502
58,56,2.4193274221726506,1330580116
124,30,4.120850594142534,1512614209
166,57,3.2555716842216094,1733430197
15,94,2.044649730043441,1306056869
162,47,3.779812477372191,1004467801
189,35,3.2695637766242935,1312504125
163,19,4.184974437825549,1735731706
64,8,3.9401007447592935,1589386085
25,26,3.4404316881449386,1381562029
24,71,2.952710701243256,1805999832
12,30,1.5327285026700936,1545978250
18,7,2.045332071541535,1437785031
15,67,2.676397891668341,1842454624
27,65,3.3971971480255547,1217199220
72,36,3.0548314208612193,1737275078
60,25,2.152738103838118,1826751807
174,37,1.0258574311588422,1360358373
145,1,2.9849568876032557,1437565972
93,15,2.1425039542489723,1018292935
53,37,3.9384332028421403,1692007282
8,13,1.095785061081934,1562852853
79,8,3.3393112452231635,1302827454
27,5,4.765896950024262,1107305812
174,60,1.697637068445998,1043099583
50,73,2.8865979630023815,1948007159
199,1,1.3656879672685527,1209449747
131,36,3.5027276490454105,1060229895
93,35,3.2021267223849024,1402562105
192,66,2.6294620968513294,1454208813
172,63,3.085508085894965,1807643166
181,23,4.586298633876041,1566420977
24,9,1.7851772092442681,1396834040
60,34,1.090258046821389,1116179548
122,46,4.446659538796403,1199614447
131,78,3.308468329551626,1354479880
148,4,4.56263382184737,1392359182
46,30,3.3877808936526903,1789364317
15,95,4.24064435983881,1028546713
153,75,2.7186934534205918,1013395337
199,99,3.999439725153075,1354055964
17,72,4.6521658675594235,1976900597
126,3,3.288491854888825,1801398351
84,14,1.7231406022495181,1513748771
9,60,2.0751904601207927,1808451155
166,77,1.7945783075896231,1813653356
176,45,1.9874281103829317,1791341941
188,96,2.2256617974041455,1649175588
63,34,3.220535147012754,1244823381
117,45,3.351966517855331,1849527622
130,61,2.7059989889674445,1377091478
88,83,3.4616831192833417,1629601704
72,16,1.3262997024454637,1388042471
139,66,1.3511529482326399,1536312924
64,40,1.6873178414306338,1075154255
72,17,3.072309992161379,1109285989
21,34,1.8559787147932543,1210473371
18,16,2.1331376139703093,1470260143
64,60,2.6012513446919763,1312545957
82,66,4.24746449604152,1871248030
110,66,1.0554485436514405,1298481677
95,90,3.5975152809464896,1329591008
166,13,3.6755061241627414,1177651192
32,56,4.194623121426546,1427840584
11,31,4.731011756241253,1146279672
45,34,1.0805513957971593,1413805054
33,39,1.6151348220528647,1103993559
102,67,4.544685176223972,1930113484
169,8,2.8340742487480615,1114282073
136,87,3.258362555733854,1819217948
11,78,3.6521088148925895,1044681008
179,55,3.7162664179825495,1539662250
88,27,4.726961613266033,1379673563
41,93,4.987797669646678,1346844379
145,53,3.880629843723761,1926083911
76,39,2.1488848368206033,1802907356
121,65,4.519009609177374,1752610692
46,17,1.1968836581630464,1614668841
160,30,1.9243234114979848,1884256390
80,53,4.58954286985486,1813540393
54,13,2.02476605775742,1440152739
86,21,1.8826042384869939,1145161064
92,19,1.552501172560989,1541638938
148,53,4.436447030587666,1832635961
161,19,3.000233036764347,1557731629
168,57,3.699572812216619,1239717185
160,25,1.9562655363001187,1756754968
97,86,4.0321616840448655,1039681096
2,31,4.040022179848394,1466433908
33,81,2.2503920996332005,1514313114
158,55,2.6427305320411314,1913679488
161,23,1.8387611097208034,1332480086
77,32,4.906244093291617,1551246665
116,62,3.5824103082336465,1055127465
154,74,4.738175522862062,1790709171
150,10,2.2135421745165327,1400724632
103,72,4.127563651987559,1453764789
194,54,4.0634345755389685,1337458300
166,52,3.766622607466166,1269942850
103,20,4.862555901067202,1439187461
90,32,2.574221344425262,1338256508
174,14,1.5228692943590292,1310632761
122,50,3.686835436976243,1508030277
